preferred_solution_number: 3
tool_mass: 3.44
pulley_bearing_position: [-0.551993749632271,-0.529728889411369,0.346920083856877,2.21736083534608,2.21742568842914,-0.008956260162584] #small pulley
initial_joint_states : [4.13489745417039, -1.813354511407, -1.90787359434795, -0.984819869958454, 1.57212364774687, 0.995873430829061] # for gazebo
task_initial_position: [0.03, 0, -0.02, 0,0,0] # in relative to bigger pulley bearing's frame.
pulley_radious: [0.03,0.015]

#force controller gain
f_x_kp : 0.00007
f_x_ki : 0
f_x_kd : 0

f_y_kp : 0
f_y_ki : 0
f_y_kd : 0

f_z_kp : 0
f_z_ki : 0
f_z_kd : 0

f_eaa_x_kp : 0
f_eaa_x_ki : 0
f_eaa_x_kd : 0

f_eaa_y_kp : 0
f_eaa_y_ki : 0
f_eaa_y_kd : 0

f_eaa_z_kp : 0
f_eaa_z_ki : 0
f_eaa_z_kd : 0

#position controller gain
p_x_kp : 0.8
p_x_ki : 0
p_x_kd : 0

p_y_kp : 0
p_y_ki : 0
p_y_kd : 0

p_z_kp : 0
p_z_ki : 0
p_z_kd : 0

p_eaa_x_kp : 0
p_eaa_x_ki : 0
p_eaa_x_kd : 0

p_eaa_y_kp : 0
p_eaa_y_ki : 0
p_eaa_y_kd : 0

p_eaa_z_kp : 0
p_eaa_z_ki : 0
p_eaa_z_kd : 0

master_pulley_0: 
  0: [0.035,0,-0.01,0,-25,0,1.5] # close to the pulley
  1: [-0.012,0.039,-0.004,0,-25,-30,5] # a desired belt point
  2: [0.035,-0.04,-0.004,-30,-25,0,1.5] # up motion
  3: [-0.032,-0.04,-0.004,0,-25,0,1.5] # finish1
  4: [-0.032,-0.04,-0.04,0,-25,0,1.5]  # finish1
  5: [0.05,-0.04,-0.05,0,-25,0,1.5]  # finish1

slave_0: # 
  0: [0.02,-0.02,-0.005,0,0,0,2.5] # close to the pulley
  1: [0.02,-0.02,-0.005,0,0,0,2.5] # keep the previous position

robust_force_value:
  0: [0,0,0]
  1: [0,0,0]
