preferred_solution_number: 3 #3,4
tool_mass: 3.44
a_part_position: [-0.7293125188371226, 0.07656600859307716, 0.2487338495782736,   -0.6906269212928476, -1.7592825425265308, 1.7809178251779094] #-0.7217029684216122, -1.7591780460014375, 1.7685571865188172
b_part_position: [-0.6811318652204408, -0.08830715708235556, 0.25201090303400836, -1.4563850884287743, 0.5931661581000268, -0.6324377951449384] # -1.47839, 0.609586, -0.621034
robot_initial_pose:  [-0.695364, -0.130703, 0.251887, -1.55151, 0.269459, -0.281568]  # -0.680061, -0.126735, 0.255399

initial_joint_states : [3.85553, -2.34148, -1.25215, -2.69295, 1.06513, 3.13596] # for gazebo 3.87273, -2.34, -1.24676, -2.69125, 1.09049, 3.13546  3.86019, -2.31443, -1.28901, -2.67455, 1.07796, 3.13539
pulley_radious: [0.0175,0.0275]

f_x_kp : 0.00007
#force controller gain
f_x_ki : 0
f_x_kd : 0

f_y_kp : 0
f_y_ki : 0
f_y_kd : 0

f_z_kp : 0
f_z_ki : 0
f_z_kd : 0

f_eaa_x_kp : 0
f_eaa_x_ki : 0
f_eaa_x_kd : 0

f_eaa_y_kp : 0
f_eaa_y_ki : 0
f_eaa_y_kd : 0

f_eaa_z_kp : 0
f_eaa_z_ki : 0
f_eaa_z_kd : 0

#position controller gain
p_x_kp : 0.8
p_x_ki : 0
p_x_kd : 0

p_y_kp : 0
p_y_ki : 0
p_y_kd : 0

p_z_kp : 0
p_z_ki : 0
p_z_kd : 0

p_eaa_x_kp : 0
p_eaa_x_ki : 0
p_eaa_x_kd : 0

p_eaa_y_kp : 0
p_eaa_y_ki : 0
p_eaa_y_kd : 0

p_eaa_z_kp : 0
p_eaa_z_ki : 0
p_eaa_z_kd : 0

#everyting is with respect to own pulley's frame 
master_pulley_big: # roll -40< <0 pitch -40< <0 yaw -35< <35
  0: [0.03,0,-0.02,0,-25,0,5] # close to the pulley
#  1: [0,0,0,0,0,0,5]  # a desired belt point
#  2: [0,0,0,0,0,0,5]  # up motion
#  3: [0,0,0,0,0,0,5] # finish1
#  4: [0,0,0,0,0,0,5]  # finish1
  
slave_pulley_big: #
  0: [0.03,0,-0.02,0,-25,0,5] # close to the pulley

master_pulley_small: # roll -40< <0 pitch -40< <0 yaw -35< <35
  0: [0.037,0,-0.01,0,0,0,3] # close to the pulley
  1: [0,0.03,0.013,0,0,0,1] # a desired belt point
  2: [0.037,-0.025,0.013,0,0,0,1] # up motion
  3: [-0.01,-0.025,-0.003,-15,0,0,1]  # finish1
  4: [-0.01,-0.025,-0.008,-15,0,0,1]  # finish1

slave_pulley_small: # big pulley
  0: [0.14,0,-0.014,0,0,0,5] # close to the pulley
  1: [0.14,0,-0.014,0,0,0,5] # close to the pulley

desired_force_value:
  0: [-14,0,0.8]
  1: [-16,0,0.8]
