preferred_solution_number: 3 #3,4
tool_mass: 3.44
pulley_bearing_position: [-0.457459182712105, -0.302978202982455, 0.298919760014571, 2.21632243861128, 2.21940107852587, 0.0222339502909505] #small pulley
initial_joint_states : [4.04371786117554, -1.3125274938396, -1.99802541732788, -1.41576440752063, 1.57418417930603, 0.904799461364746] # for gazebo
task_initial_position: [0.03, 0, -0.02, 0,0,0] # in relative to bigger pulley bearing's frame.
pulley_radious: [0.03,0.015]

#force controller gain
f_x_kp : 0.00007
f_x_ki : 0
f_x_kd : 0

f_y_kp : 0
f_y_ki : 0
f_y_kd : 0

f_z_kp : 0
f_z_ki : 0
f_z_kd : 0

f_eaa_x_kp : 0
f_eaa_x_ki : 0
f_eaa_x_kd : 0

f_eaa_y_kp : 0
f_eaa_y_ki : 0
f_eaa_y_kd : 0

f_eaa_z_kp : 0
f_eaa_z_ki : 0
f_eaa_z_kd : 0

#position controller gain
p_x_kp : 0.8
p_x_ki : 0
p_x_kd : 0

p_y_kp : 0
p_y_ki : 0
p_y_kd : 0

p_z_kp : 0
p_z_ki : 0
p_z_kd : 0

p_eaa_x_kp : 0
p_eaa_x_ki : 0
p_eaa_x_kd : 0

p_eaa_y_kp : 0
p_eaa_y_ki : 0
p_eaa_y_kd : 0

p_eaa_z_kp : 0
p_eaa_z_ki : 0
p_eaa_z_kd : 0

master_pulley_0:  #roll -40< <0 pitch -40< <0 yaw -35< <35
#  0: [0.035,0,-0.01,0,0,20,1.5] # close to the pulley
#  1: [-0.012,0.039,-0.004,0,0,20,5] # a desired belt point
#  2: [0.035,-0.04,-0.004,0,0,20,1.5] # up motion
#  3: [-0.032,-0.04,-0.004,0,0,20,1.5] # finish1
#  4: [-0.032,-0.04,-0.04,0,0,0,1.5]  # finish1
#  5: [0.05,-0.04,-0.05,0,0,0,1.5]  # finish1

  0: [0.035,0,-0.01,-35,-15,-10,1.5] # close to the pulley
  1: [0,0,0,0,0,0,1.5] # close to the pulley
  2: [0.035,0,-0.01,-35,-15,-10,1.5] # close to the pulley
#  1: [-0.012,0.039,-0.004,0,0,20,5] # a desired belt point
#  2: [0.035,-0.04,-0.004,0,0,20,1.5] # up motion
#  3: [-0.032,-0.04,-0.004,0,0,20,1.5] # finish1
#  4: [-0.032,-0.04,-0.04,0,0,0,1.5]  # finish1
#  5: [0.05,-0.04,-0.05,0,0,0,1.5]  # finish1

slave_0: # 
  0: [0.02,-0.02,-0.005,0,0,0,2.5] # close to the pulley
  1: [0.02,-0.02,-0.005,0,0,0,2.5] # keep the previous position

robust_force_value:
  0: [0,0,0]
  1: [0,0,0]
