preferred_solution_number: 3 #3,4
tool_mass: 3.44
pulley_bearing_position: [-0.745830977765565, -0.357393999441835, 0.352864449254021, -2.21548734976202, 2.19330199160272, -0.0368100664556719]   #pulley
#robot_initial_pose:  [-0.745830977765565, -0.357393999441835, 0.352864449254021, -2.22144146908, 2.22144146908, 0.00001] 
robot_initial_pose:  [-0.745830977765565, -0.357393999441835, 0.352864449254021, -2.21548734976202, 2.19330199160272, -0.0368100664556719] 
initial_joint_states : [3.79077733956398, -1.78699767136266, -1.43622454068941, -1.51653683978726, 1.58713754429517, 3.78452528559512] # for gazebo
task_initial_position: [0.03, 0, -0.02, 0, 0, 0] # in relative to bigger pulley bearing's frame. Not use!!!!
pulley_radious: [0.0175,0.0275]

#force controller gain
f_x_kp : 0.00007
f_x_ki : 0
f_x_kd : 0

f_y_kp : 0
f_y_ki : 0
f_y_kd : 0

f_z_kp : 0
f_z_ki : 0
f_z_kd : 0

f_eaa_x_kp : 0
f_eaa_x_ki : 0
f_eaa_x_kd : 0

f_eaa_y_kp : 0
f_eaa_y_ki : 0
f_eaa_y_kd : 0

f_eaa_z_kp : 0
f_eaa_z_ki : 0
f_eaa_z_kd : 0

#position controller gain
p_x_kp : 0.8
p_x_ki : 0
p_x_kd : 0

p_y_kp : 0
p_y_ki : 0
p_y_kd : 0

p_z_kp : 0
p_z_ki : 0
p_z_kd : 0

p_eaa_x_kp : 0
p_eaa_x_ki : 0
p_eaa_x_kd : 0

p_eaa_y_kp : 0
p_eaa_y_ki : 0
p_eaa_y_kd : 0

p_eaa_z_kp : 0
p_eaa_z_ki : 0
p_eaa_z_kd : 0

#everyting is with respect to own pulley's frame 
master_pulley_big: # roll -40< <0 pitch -40< <0 yaw -35< <35
  0: [0.039,0.005,0.0165,0,0,0,5] # close to the pulley
  1: [0,0.0295,0.0165,20,0,0,1] # a desired belt point
  2: [0.039,-0.04,0.0165,20,0,0,1] # up motion
  3: [-0.025,-0.04, 0.0165,20,0,0,1] # finish1
  4: [0.15,-0.04,-0.45,20,0,0,2]  # finish1
#  0: [0.038,0,0.0135,0,0,0,8] # close to the pulley
#  1: [0,0.023,0.0135,20,0,0,5] # a desired belt point
#  2: [0.038,-0.04,0.0135,20,0,0,5] # up motion
#  3: [-0.02,-0.05,0.0135,20,0,0,5] # finish1
#  4: [0.15,-0.05,-0.5,20,0,0,5]  # finish1


slave_pulley_big: # 
  0: [0,0,0,0,0,0,8] # close to the pulley
#  1: [0.02,-0.02,-0.005,0,0,0,2.5] # keep the previous position

master_pulley_small: # roll -40< <0 pitch -40< <0 yaw -35< <35
  0: [0.037,0,0.013,0,0,0,3] # close to the pulley
  1: [0,0.02,0.013,0,0,0,1] # a desired belt point
  2: [0.037,-0.025,0.013,0,0,0,1] # up motion
  3: [-0.01,-0.025,-0.003,-15,0,0,1]  # finish1
  4: [-0.01,-0.025,-0.008,-15,0,0,1]  # finish1
#  0: [0.4,-0.4,-0.5,0,0,0,3] # close to the pulley


slave_pulley_small: # big pulley
#  0: [0.047,-0.02,-0.125,0,0,0,8] # close to the pulley
#  1: [0.047,-0.02,-0.125,0,0,0,8] # close to the pulley

  0: [0.14,0,-0.03,0,0,0,5] # close to the pulley
  1: [0.14,0,-0.03,0,0,0,5] # close to the pulley

tighten_force_value:
  0: [-14,0,2]
  1: [-16,0,2]
