preferred_solution_number: 3 #3
tool_mass: 1.72
a_part_position: [-0.745247, 0.0747897, 0.242603, -0.7313354979535918, -1.7622417854008892, 1.7568650899341813] 
b_part_position: [-0.662818, -0.083727, 0.249723, -1.484318068681165, 0.6191402790204206, -0.6254296057933952] 
robot_initial_pose: [-0.745247, 0.0747897, 0.242603, -0.731335, -1.76224, 1.75687] #robot initial pose-0.619116, 0.0171242, 0.244798
initial_joint_states : [2.9966, -1.6559, -2.331, -2.30144, -2.49991, -3.14564] # for gazebo  
pulley_radious: [0.0175,0.0275]




#force controller gain
f_x_kp : 0.0008 #
f_x_ki : 0.000015
f_x_kd : 0

f_y_kp : 0
f_y_ki : 0
f_y_kd : 0

f_z_kp : 0
f_z_ki : 0
f_z_kd : 0

f_eaa_x_kp : 0
f_eaa_x_ki : 0
f_eaa_x_kd : 0

f_eaa_y_kp : 0
f_eaa_y_ki : 0
f_eaa_y_kd : 0

f_eaa_z_kp : 0
f_eaa_z_ki : 0
f_eaa_z_kd : 0

#position controller gain
p_x_kp : 0.06 #0.17
p_x_ki : 0
p_x_kd : 0

p_y_kp : 0
p_y_ki : 0
p_y_kd : 0

p_z_kp : 0
p_z_ki : 0
p_z_kd : 0

p_eaa_x_kp : 0
p_eaa_x_ki : 0
p_eaa_x_kd : 0

p_eaa_y_kp : 0
p_eaa_y_ki : 0
p_eaa_y_kd : 0

p_eaa_z_kp : 0
p_eaa_z_ki : 0
p_eaa_z_kd : 0

#everyting is with respect to own pulley's frame 
master_pulley_big: # roll -40< <0 pitch -40< <0 yaw -35< <35
  0: [-0.155,0,-0.02,30,0,0,5] # close to the pulley
#  1: [0,0,0,0,0,0,5]# a desired belt point
#  2: [0,0,0,0,0,0,5] # up motion
#  3: [0,0,0,0,0,0,5] # finish1
#  4: [0,0,0,0,0,0,5]# finish1

slave_pulley_big: # 
  0: [0,0,0,0,0,0,5] # close to the pulley

master_pulley_small: # roll -40< <0 pitch -40< <0 yaw -35< <35
  0: [0.037,0,-0.01,0,0,0,3] # close to the pulley
  1: [0,-0.01,0.0135,0,0,0,1] # a desired belt point ## 0.008
  2: [0.037,0.025,0.0135,0,0,0,1] # up motion
  3: [-0.01,0.025,-0.003,15,0,0,1]  # finish1
  4: [-0.01,0.025,-0.008,15,0,0,1]  # finish1

slave_pulley_small: # 
  0: [0.14,0,-0.014,0,0,0,5] # close to the pulley
  1: [0.14,0,-0.014,0,0,0,5] # close to the pulley
  

desired_force_value:
  0: [-14,0,0.8]
  1: [-16,0,0.8]





