preferred_solution_number: 3 #3
tool_mass: 1.72
pulley_bearing_position: [-0.438719456804066, 0.270205036701779, 0.324309390542325, 2.19700957926864, 2.21948080204964, 0.0144145923312306] #small pulley
initial_joint_states : [2.93226957321167, -1.26196272790942, -2.09401082992554, -1.37688763559375, -4.71242171922793, -0.220175568257467] # for gazebo
task_initial_position: [-0.03, 0, -0.04, 0,0,0] # in relative to bigger pulley bearing's frame.
pulley_radious: [0.0175,0.0275]

#force controller gain
f_x_kp : 0.0008 #
f_x_ki : 0.000015
f_x_kd : 0

f_y_kp : 0
f_y_ki : 0
f_y_kd : 0

f_z_kp : 0
f_z_ki : 0
f_z_kd : 0

f_eaa_x_kp : 0
f_eaa_x_ki : 0
f_eaa_x_kd : 0

f_eaa_y_kp : 0
f_eaa_y_ki : 0
f_eaa_y_kd : 0

f_eaa_z_kp : 0
f_eaa_z_ki : 0
f_eaa_z_kd : 0

#position controller gain
p_x_kp : 0.06 #0.17
p_x_ki : 0
p_x_kd : 0

p_y_kp : 0
p_y_ki : 0
p_y_kd : 0

p_z_kp : 0
p_z_ki : 0
p_z_kd : 0

p_eaa_x_kp : 0
p_eaa_x_ki : 0
p_eaa_x_kd : 0

p_eaa_y_kp : 0
p_eaa_y_ki : 0
p_eaa_y_kd : 0

p_eaa_z_kp : 0
p_eaa_z_ki : 0
p_eaa_z_kd : 0

#everyting is with respect to own pulley's frame 
master_pulley_big: # roll -40< <0 pitch -40< <0 yaw -35< <35
  0: [0.035,0,-0.01,0,0,0,1.5] # close to the pulley
  1: [-0.012,0.039,-0.004,0,0,0,5] # a desired belt point
  2: [0.035,-0.04,-0.004,0,0,0,1.5] # up motion
  3: [-0.032,-0.04,-0.004,0,0,0,1.5] # finish1
  4: [-0.032,-0.04,-0.04,0,0,0,1.5]  # finish1
  5: [0.05,-0.04,-0.05,0,0,0,1.5]  # finish1

slave_pulley_big: # 
  0: [0.02,-0.02,-0.005,0,0,0,2.5] # close to the pulley
  1: [0.02,-0.02,-0.005,0,0,0,2.5] # keep the previous position

master_pulley_small: # roll -40< <0 pitch -40< <0 yaw -35< <35
  0: [-0.05,0,-0.008,0,0,0,2.5] # close to the pulley
  1: [0,0.026,-0.001,0,0,0,5] # a desired belt point
  2: [-0.05,-0.04,-0.002,0,0,0,1.5] # up motion
  3: [0.01,-0.04,-0.002,0,0,0,1.5]  # finish1
  4: [0.01,-0.04,-0.02,0,0,0,1.5] # finish1
  5: [-0.06,0,-0.04,0,0,0,1.5] # finish1

slave_pulley_small: # 
  0: [-0.01,-0.02,-0.005,0,0,0,5] # close to the pulley
  1: [-0.01,-0.02,-0.005,0,0,0,5] # keep the previous position

robust_force_value:
  0: [12,1.3,-0.2]
  1: [14,1.3,-0.2]
#  0: [0,0,0]
#  1: [0,0,0]




