preferred_solution_number: 3 #3
tool_mass: 1.72
part_position: [-0.739757210413974, 0.07993900394775277, 0.2449995438351456, -0.7217029684216122, -1.7591780460014375, 1.7685571865188172] #pulley
robot_initial_pose: [-0.619116, 0.0171242,  0.244798, -0.7217029684216122, -1.7591780460014375, 1.7685571865188172] #robot initial pose -0.619116, 0.0171242,  0.244798
initial_joint_states : [2.97691, -1.65511, -2.33346, -2.28544, -2.52771, -3.13402] # for gazebo   2.97326, -1.6538, -2.33488, -2.28384, -2.53001, -3.13221
pulley_radious: [0.0175,0.0275]

#force controller gain
f_x_kp : 0.0008 #
f_x_ki : 0.000015
f_x_kd : 0

f_y_kp : 0
f_y_ki : 0
f_y_kd : 0

f_z_kp : 0
f_z_ki : 0
f_z_kd : 0

f_eaa_x_kp : 0
f_eaa_x_ki : 0
f_eaa_x_kd : 0

f_eaa_y_kp : 0
f_eaa_y_ki : 0
f_eaa_y_kd : 0

f_eaa_z_kp : 0
f_eaa_z_ki : 0
f_eaa_z_kd : 0

#position controller gain
p_x_kp : 0.06 #0.17
p_x_ki : 0
p_x_kd : 0

p_y_kp : 0
p_y_ki : 0
p_y_kd : 0

p_z_kp : 0
p_z_ki : 0
p_z_kd : 0

p_eaa_x_kp : 0
p_eaa_x_ki : 0
p_eaa_x_kd : 0

p_eaa_y_kp : 0
p_eaa_y_ki : 0
p_eaa_y_kd : 0

p_eaa_z_kp : 0
p_eaa_z_ki : 0
p_eaa_z_kd : 0

#everyting is with respect to own pulley's frame 
master_pulley_big: # roll -40< <0 pitch -40< <0 yaw -35< <35
  0: [-0.155,0,-0.02,30,0,0,5] # close to the pulley
#  1: [0,0,0,0,0,0,5]# a desired belt point
#  2: [0,0,0,0,0,0,5] # up motion
#  3: [0,0,0,0,0,0,5] # finish1
#  4: [0,0,0,0,0,0,5]# finish1

slave_pulley_big: # 
  0: [0,0,0,0,0,0,5] # close to the pulley

master_pulley_small: # roll -40< <0 pitch -40< <0 yaw -35< <35
  0: [0.037,0,-0.01,0,0,0,3] # close to the pulley
  1: [0,-0.01,0.0135,0,0,0,1] # a desired belt point ## 0.008
  2: [0.037,0.025,0.0135,0,0,0,1] # up motion
  3: [-0.01,0.025,-0.003,15,0,0,1]  # finish1
  4: [-0.01,0.025,-0.008,15,0,0,1]  # finish1

slave_pulley_small: # 
  0: [0.14,0,-0.014,0,0,0,5] # close to the pulley
  1: [0.14,0,-0.014,0,0,0,5] # close to the pulley
  

desired_force_value:
  0: [-14,0,0.8]
  1: [-16,0,0.8]





