preferred_solution_number: 3
tool_mass: 1.75
#pulley_bearing_position: [-0.739757210413974, 0.07993900394775277, 0.2449995438351456, -0.7217029684216122, -1.7591780460014375, 1.7685571865188172] #big pulley

pulley_bearing_position: [-0.387151602138435,0.542698016520246,0.366637489776256,-2.22142708752267,-2.22142706545,0.0000141743083872454] #small pulley
initial_joint_states : [2.45458078661842, -1.64185347050934, -2.07143259303109, -0.998922655474346, 1.56860874409037,-0.688669422508936] # for gazebo
task_initial_position: [-0.03, 0, -0.04, 0,0,0] # in relative to bigger pulley bearing's frame.
pulley_radious: [0.15,0.1]

#force controller gain
f_x_kp : 0.0008 #
f_x_ki : 0.000015
f_x_kd : 0

f_y_kp : 0
f_y_ki : 0
f_y_kd : 0

f_z_kp : 0
f_z_ki : 0
f_z_kd : 0

f_eaa_x_kp : 0
f_eaa_x_ki : 0
f_eaa_x_kd : 0

f_eaa_y_kp : 0
f_eaa_y_ki : 0
f_eaa_y_kd : 0

f_eaa_z_kp : 0
f_eaa_z_ki : 0
f_eaa_z_kd : 0

#position controller gain
p_x_kp : 0.06 #0.17
p_x_ki : 0
p_x_kd : 0

p_y_kp : 0
p_y_ki : 0
p_y_kd : 0

p_z_kp : 0
p_z_ki : 0
p_z_kd : 0

p_eaa_x_kp : 0
p_eaa_x_ki : 0
p_eaa_x_kd : 0

p_eaa_y_kp : 0
p_eaa_y_ki : 0
p_eaa_y_kd : 0

p_eaa_z_kp : 0
p_eaa_z_ki : 0
p_eaa_z_kd : 0

#everyting is with respect to own pulley's frame 
master_pulley_0: # 
  0: [-0.05,0,-0.008,0,0,0,2.5] # close to the pulley
  1: [0,0.026,-0.001,0,0,-20,5] # a desired belt point
  2: [-0.05,-0.04,-0.002,30,0,0,1.5] # up motion
  3: [0.01,-0.04,-0.002,0,0,0,1.5]  # finish1
  4: [0.01,-0.04,-0.02,0,0,0,1.5] # finish1
  5: [-0.06,0,-0.04,0,0,0,1.5] # finish1

slave_0: # 
  0: [-0.01,-0.02,-0.005,0,0,0,5] # close to the pulley
  1: [-0.01,-0.02,-0.005,0,0,0,5] # keep the previous position

robust_force_value:
  0: [12,1.3,-0.2]
  1: [14,1.3,-0.2]
#  0: [0,0,0]
#  1: [0,0,0]




